The number of centroids is 1
The centroid 0 is (1.748172,-1.132744)
The number of centroids is 2
The centroid 0 is: (2.080614, -0.751767, 0.740211, 0.548496, 0.006370, 0.009123, -0.039968, -0.136664, -0.092215, -0.055147, -0.026743, -0.017539)
The centroid 1 is: (1.217164, -1.741275, 0.295168, 0.701683, 0.396343, 0.360495, 0.174658, -0.124748, -0.120355, 0.086367, 0.164233, -0.012660)
The number of centroids is 4
The centroid 0 is: (2.427526, -1.042109, 0.476760, 0.174621, -0.121159, -0.297206, -0.395970, -0.157847, -0.128121, -0.067018, 0.093468, -0.001618)
The centroid 1 is: (1.646039, -1.847130, 0.301694, 0.540420, 0.399280, 0.489481, 0.149142, -0.141720, -0.211755, -0.016757, 0.185448, 0.014275)
The centroid 2 is: (1.932368, -0.627669, 0.859842, 0.708568, 0.059105, 0.133801, 0.107560, -0.128492, -0.076343, -0.051600, -0.077982, -0.023327)
The centroid 3 is: (0.722514, -1.598131, 0.275607, 0.887284, 0.387845, 0.209775, 0.207926, -0.102680, -0.011579, 0.211221, 0.136127, -0.047436)
